24/part/0 -1 0.05 -0.21 -0.14 -0.16
24/part/1 -1 0.09 0.05 -0.26 -0.14
24/part/2 -1 0.13 0.26 -0.09 0.13
24/part/3 -1 0.13 0.22 -0.13 0.00
24/part/4 -1 0.39 0.09 0.13 0.00
24/part/5 -1 -0.16 0.03 -0.06 0.23
24/part/6 -1 -0.19 0.21 -0.02 0.28
24/part/7 -1 -0.09 0.13 -0.30 -0.04
24/part/8 -1 0.00 0.09 -0.30 -0.17
24/part/9 -1 0.09 -0.05 -0.18 -0.09
24/part/10 -1 0.11 -0.18 -0.08 -0.27
24/part/11 -1 0.27 -0.23 -0.05 -0.05
24/part/12 -1 0.09 0.23 -0.18 0.14
24/part/13 -1 -0.09 -0.14 -0.43 -0.14
24/part/14 -1 0.09 0.09 -0.24 -0.06
24/part/15 -1 -0.19 -0.05 -0.24 -0.05
24/part/16 -1 -0.33 -0.15 -0.09 0.15
24/part/17 -1 -0.29 -0.32 -0.19 0.00
24/part/18 -1 -0.43 0.00 -0.19 0.29
24/part/19 -1 0.10 0.16 -0.23 -0.19
24/part/20 -1 -0.22 0.00 -0.30 0.00
24/part/21 -1 0.16 0.16 -0.23 -0.16
24/part/22 -1 -0.03 0.07 -0.30 0.10
24/part/23 -1 -0.15 -0.33 -0.10 -0.19
24/part/24 -1 0.27 0.15 -0.18 -0.09
24/part/25 -1 0.13 -0.10 -0.33 -0.20
24/part/26 -1 0.00 0.19 -0.10 0.19
24/part/27 -1 0.09 -0.18 -0.18 0.05
24/part/28 -1 0.26 0.20 -0.16 0.07
24/part/29 -1 -0.09 0.23 -0.32 0.27
24/part/30 -1 0.17 -0.09 0.00 -0.17
24/part/31 -1 0.06 -0.03 -0.32 -0.32
24/part/32 -1 -0.08 -0.04 -0.38 0.04
24/part/33 -1 0.00 0.16 -0.24 -0.04
24/part/34 -1 -0.09 -0.32 -0.26 -0.23
24/part/35 -1 -0.09 -0.04 -0.39 -0.04
24/part/36 -1 0.22 0.04 0.17 0.26
24/part/37 -1 0.24 0.08 -0.16 -0.12
24/part/38 -1 0.14 -0.23 -0.10 -0.18
24/part/39 -1 -0.30 0.00 -0.33 0.23
24/part/40 -1 -0.33 -0.17 -0.17 0.35
24/part/41 -1 0.30 0.03 -0.10 -0.22
24/part/42 -1 -0.04 -0.43 0.30 0.39
24/part/43 -1 -0.30 -0.39 -0.17 0.13
24/part/44 -1 0.24 -0.22 0.18 -0.02
24/part/45 -1 0.07 -0.16 -0.09 -0.20
24/part/46 -1 -0.07 -0.02 -0.31 -0.24
24/part/47 -1 -0.48 -0.09 -0.17 0.30
24/part/48 -1 0.09 0.22 -0.29 0.22
24/part/49 -1 -0.17 0.36 -0.17 0.20
24/part/50 -1 0.03 -0.10 0.03 0.53
24/part/51 -1 -0.22 0.10 -0.41 0.16
24/part/52 -1 0.33 0.07 0.02 -0.09
24/part/53 -1 -0.21 0.03 -0.30 0.12
24/part/54 -1 0.06 0.12 -0.33 0.03
24/part/55 -1 -0.08 0.17 -0.19 0.08
24/part/56 -1 0.43 -0.04 0.04 -0.09
24/part/57 -1 -0.04 0.26 -0.17 0.26
24/part/58 -1 -0.12 -0.12 -0.20 -0.24
24/part/59 -1 0.11 0.29 -0.24 0.09
24/part/60 -1 0.23 0.00 0.00 -0.29
24/part/61 -1 0.15 -0.27 0.00 -0.39
24/part/62 -1 -0.07 -0.16 0.23 0.61
24/part/63 -1 -0.32 -0.25 -0.09 0.41
24/part/64 -1 0.20 0.13 -0.04 -0.04
24/part/65 -1 -0.23 -0.28 -0.03 0.09
24/part/66 -1 0.00 -0.62 0.38 0.04
24/part/67 -1 0.19 0.09 0.28 0.31
24/part/68 -1 0.26 0.09 0.09 -0.11
24/part/69 -1 -0.21 -0.33 -0.04 0.17
24/part/70 -1 0.42 0.11 0.24 0.07
24/part/71 -1 -0.25 0.03 -0.06 0.19
24/part/72 -1 -0.13 0.14 -0.04 0.50
24/part/73 -1 -0.23 -0.35 -0.05 0.22
24/part/74 -1 -0.13 0.22 -0.39 0.09
24/part/75 -1 0.00 0.00 -0.26 -0.23
24/part/76 -1 -0.26 0.00 -0.22 0.29
24/part/77 -1 -0.03 -0.59 0.32 -0.12
24/part/78 -1 0.13 -0.06 -0.16 -0.06
24/part/79 -1 0.00 -0.32 -0.05 0.50
24/part/80 -1 0.29 -0.03 -0.02 -0.17
24/part/81 -1 -0.30 -0.30 -0.04 0.48
24/part/82 -1 0.31 -0.03 -0.06 -0.34
24/part/83 -1 0.25 -0.02 -0.09 -0.11
24/part/84 -1 0.17 0.13 -0.26 -0.13
24/part/85 -1 0.14 0.22 -0.23 0.09
24/part/86 -1 0.04 -0.08 -0.32 -0.32
24/part/87 -1 0.27 -0.09 0.18 0.00
24/part/88 -1 0.16 -0.03 -0.16 -0.21
24/part/89 -1 0.18 0.07 -0.13 -0.05
24/part/90 -1 -0.04 -0.51 0.02 -0.04
24/part/91 -1 -0.25 -0.25 -0.14 0.25
24/part/92 -1 0.13 0.12 -0.28 -0.08
24/part/93 -1 -0.40 0.10 -0.13 0.37
24/part/94 -1 -0.23 -0.07 -0.20 0.16
24/part/95 -1 0.26 0.22 0.13 0.26
24/part/96 -1 0.22 0.20 -0.17 0.07
24/part/97 -1 -0.21 0.12 -0.35 0.26
24/part/98 -1 0.35 -0.22 0.26 0.17
24/part/99 -1 0.09 -0.39 0.00 -0.09
24/part/100 -1 -0.10 0.16 -0.35 0.03
24/part/101 -1 0.09 0.18 0.18 0.59
24/part/102 -1 0.14 -0.29 0.05 -0.10
24/part/103 -1 -0.26 -0.23 -0.26 0.09
24/part/104 -1 0.10 0.07 -0.21 -0.13
24/part/105 -1 -0.14 -0.22 -0.14 0.00
24/part/106 -1 -0.09 0.05 -0.32 0.00
24/part/107 -1 0.22 -0.14 -0.13 -0.18
24/part/108 -1 -0.23 -0.32 -0.32 -0.09
24/part/109 -1 -0.14 0.05 -0.32 0.10
24/part/110 -1 -0.23 -0.09 -0.27 0.09
24/part/111 -1 0.31 0.12 -0.16 -0.09
24/part/112 -1 0.42 0.10 0.00 -0.16
24/part/113 -1 -0.30 -0.28 0.07 0.10
24/part/114 -1 0.00 0.33 -0.35 0.12
24/part/115 -1 0.21 0.12 -0.17 -0.08
24/part/116 -1 0.05 0.09 -0.27 -0.05
24/part/117 -1 0.13 0.04 -0.13 -0.08
24/part/118 -1 0.17 0.21 -0.25 -0.04
24/part/119 -1 0.26 0.22 0.00 0.00
24/part/120 -1 0.09 0.32 -0.09 0.36
24/part/121 -1 0.12 0.17 -0.12 -0.04
24/part/122 -1 0.25 0.08 -0.08 -0.17
24/part/123 -1 0.32 0.14 -0.05 -0.09
24/part/124 -1 0.14 0.23 -0.18 0.18
24/part/125 -1 0.17 0.04 -0.33 -0.09
24/part/126 -1 0.04 0.05 -0.35 -0.05
24/part/127 -1 0.04 0.04 -0.29 0.17
24/part/128 -1 0.08 -0.29 0.12 0.38
24/part/129 -1 0.17 -0.33 0.13 0.00
24/part/130 -1 0.26 0.09 -0.04 0.22
24/part/131 -1 0.29 0.09 -0.13 -0.11
24/part/132 -1 0.27 0.26 0.00 0.42
24/part/133 -1 -0.06 -0.03 -0.19 0.32
24/part/134 -1 0.06 0.16 -0.12 0.44
24/part/135 -1 -0.09 0.04 -0.35 0.25
24/part/136 -1 0.19 -0.07 -0.14 -0.09
24/part/137 -1 0.21 0.21 -0.08 0.42
24/part/138 -1 0.00 0.32 -0.27 0.27
24/part/139 -1 0.31 0.04 -0.12 -0.06
24/part/140 -1 0.14 0.07 -0.25 -0.18
24/part/141 -1 0.25 -0.13 -0.04 -0.09
24/part/142 -1 0.23 0.00 -0.13 -0.10
24/part/143 -1 0.13 0.13 -0.19 -0.10
24/part/144 -1 0.21 0.12 -0.09 -0.03
24/part/145 -1 0.07 0.00 -0.29 -0.24
24/part/146 -1 -0.23 0.05 -0.45 0.00
24/part/147 -1 0.21 0.21 -0.17 0.00
24/part/148 -1 -0.18 -0.14 -0.14 0.19
24/part/149 -1 -0.23 -0.19 -0.14 0.24
24/part/150 -1 0.19 0.21 -0.19 -0.06
24/part/151 -1 -0.25 -0.25 -0.10 0.20
24/part/152 -1 0.13 -0.17 -0.09 -0.13
24/part/153 -1 0.27 -0.14 0.32 0.19
24/part/154 -1 0.07 0.07 -0.33 -0.10
24/part/155 -1 0.09 0.00 0.18 0.36
24/part/156 -1 0.05 -0.23 0.14 0.14
24/part/157 -1 0.09 0.04 -0.30 -0.17
24/part/158 -1 -0.14 0.09 -0.09 0.50
24/part/159 -1 0.18 0.04 0.09 0.13
24/part/160 -1 0.24 0.18 0.05 0.05
24/part/161 -1 0.08 0.38 0.04 0.38
24/part/162 -1 -0.21 0.09 -0.12 0.52
24/part/163 -1 0.18 0.13 -0.16 -0.04
24/part/164 -1 0.23 0.11 -0.14 -0.09
24/part/165 -1 -0.26 0.03 -0.35 0.10
24/part/166 -1 0.15 0.21 -0.22 0.00
24/part/167 -1 -0.32 -0.14 0.00 0.55
24/part/168 -1 0.23 0.00 -0.09 -0.14
24/part/169 -1 0.41 0.05 0.14 0.00
24/part/170 -1 0.24 0.27 0.05 0.00
24/part/171 -1 0.14 0.05 -0.24 -0.19
24/part/172 -1 0.08 0.00 -0.29 -0.24
24/part/173 -1 0.32 0.12 -0.12 -0.08
24/part/174 -1 0.43 0.17 0.09 0.04
24/part/175 -1 0.20 0.07 -0.16 -0.10
24/part/176 -1 0.15 -0.33 0.34 0.28
24/part/177 -1 -0.20 -0.23 -0.16 0.16
24/part/178 -1 0.39 -0.09 0.17 -0.09
24/part/179 -1 0.27 -0.09 0.02 -0.05
24/part/180 -1 -0.04 -0.14 -0.26 -0.09
24/part/181 -1 -0.04 -0.30 -0.13 -0.13
24/part/182 -1 0.23 -0.36 0.14 0.00
24/part/183 -1 0.05 -0.29 -0.05 -0.33
24/part/184 -1 0.00 0.15 -0.42 -0.06
24/part/185 -1 -0.17 -0.22 -0.35 -0.04
24/part/186 -1 -0.21 0.00 -0.46 -0.04
24/part/187 -1 0.30 -0.02 -0.02 -0.09
24/part/188 -1 -0.08 -0.04 -0.33 -0.09
24/part/189 -1 0.11 -0.16 0.33 0.16
24/part/190 -1 0.27 -0.24 0.33 -0.11
24/part/191 -1 0.17 0.02 -0.05 -0.16
24/part/192 -1 0.21 -0.21 0.34 -0.03
24/part/193 -1 -0.13 0.18 0.00 0.39
24/part/194 -1 0.04 -0.35 0.30 0.09
24/part/195 -1 0.28 0.19 -0.09 0.12
24/part/196 -1 0.00 0.18 0.52 0.27
24/part/197 -1 -0.03 0.22 -0.17 -0.16
24/part/198 -1 0.16 0.23 -0.05 -0.07
24/part/199 -1 -0.07 -0.07 -0.24 -0.35
24/part/200 -1 -0.21 0.04 -0.21 0.04
24/part/201 -1 -0.18 -0.04 -0.32 -0.22
24/part/202 -1 0.09 -0.23 -0.05 -0.36
24/part/203 -1 0.09 -0.13 -0.13 -0.17
24/part/204 -1 0.36 0.23 0.05 -0.09
24/part/205 -1 -0.08 0.04 -0.38 -0.17
24/part/206 -1 0.02 -0.76 0.24 -0.09
24/part/207 -1 0.06 -0.09 0.35 0.38
24/part/208 -1 0.00 0.11 -0.27 -0.04
24/part/209 -1 0.22 -0.14 0.22 0.27
24/part/210 -1 -0.14 -0.14 0.00 0.71
24/part/211 -1 -0.47 -0.19 -0.12 0.34
24/part/212 -1 0.10 0.29 0.03 0.42
24/part/213 -1 0.20 0.10 -0.10 -0.03
24/part/214 -1 0.22 -0.13 -0.09 -0.13
24/part/215 -1 0.17 0.04 -0.22 -0.09
24/part/216 -1 -0.30 -0.39 -0.26 0.04
24/part/217 -1 0.42 0.08 -0.04 -0.08
24/part/218 -1 -0.09 0.34 -0.14 0.37
24/part/219 -1 -0.25 -0.10 -0.06 0.32
24/part/220 -1 0.12 0.12 -0.21 -0.17
24/part/221 -1 -0.04 0.25 -0.09 0.38
24/part/222 -1 0.24 0.10 0.07 0.04
24/part/223 -1 0.30 -0.17 -0.09 0.00
24/part/224 -1 0.21 0.12 -0.12 -0.12
24/part/225 -1 0.22 0.30 -0.17 0.00
24/part/226 -1 0.03 -0.15 -0.15 -0.27
24/part/227 -1 0.23 0.26 -0.13 -0.10
24/part/228 -1 0.09 0.10 -0.19 -0.19
24/part/229 -1 0.22 0.00 0.22 0.00
24/part/230 -1 -0.09 -0.13 -0.09 -0.17
24/part/231 -1 0.23 0.09 0.00 -0.09
24/part/232 -1 0.22 0.04 -0.04 -0.17
24/part/233 -1 -0.27 -0.32 0.00 0.00
24/part/234 -1 0.13 -0.17 -0.17 -0.13
24/part/235 -1 -0.18 0.14 -0.09 0.23
24/part/236 -1 0.13 0.36 -0.13 0.18
24/part/237 -1 -0.38 -0.04 -0.38 0.09
24/part/238 -1 -0.03 0.33 -0.30 0.12
24/part/239 -1 0.09 0.22 -0.16 -0.03
24/part/240 -1 0.35 0.23 -0.03 0.03
24/part/241 -1 0.04 0.04 -0.39 -0.04
24/part/242 -1 0.18 0.11 -0.20 -0.24
24/part/243 -1 0.13 -0.30 -0.04 -0.39
24/part/244 -1 0.00 0.17 -0.22 0.00
24/part/245 -1 -0.04 0.00 -0.25 -0.12
24/part/246 -1 0.13 -0.35 0.09 -0.30
24/part/247 -1 0.19 0.29 -0.16 0.00
24/part/248 -1 0.28 -0.06 -0.06 -0.05
24/part/249 -1 0.18 -0.15 -0.21 -0.11
24/part/250 -1 0.09 0.04 0.17 0.30
24/part/251 -1 0.02 0.12 -0.27 0.04
24/part/252 -1 0.39 0.16 0.24 -0.02
24/part/253 -1 0.22 0.03 -0.06 -0.19
24/part/254 -1 0.24 0.19 -0.10 -0.14
24/part/255 -1 -0.43 -0.33 -0.24 0.05
24/part/256 -1 0.07 0.15 -0.28 -0.09
24/part/257 -1 0.13 -0.06 0.52 0.29
24/part/258 -1 0.14 0.27 -0.10 0.27
24/part/259 -1 0.14 0.09 -0.10 -0.09
24/part/260 -1 0.09 0.18 -0.23 0.14
24/part/261 -1 0.00 0.23 -0.17 0.41
24/part/262 -1 -0.12 0.06 -0.26 0.32
24/part/263 -1 0.00 -0.21 -0.38 -0.08
24/part/264 -1 0.18 -0.09 0.05 -0.18
24/part/265 -1 0.10 0.16 0.05 0.36
24/part/266 -1 0.27 0.11 -0.11 -0.16
24/part/267 -1 0.21 0.21 -0.10 -0.02
24/part/268 -1 0.23 0.18 -0.18 -0.05
24/part/269 -1 0.06 0.19 -0.38 0.19
24/part/270 -1 0.09 0.09 -0.36 0.00
24/part/271 -1 0.30 0.09 -0.22 0.00
24/part/272 -1 0.17 0.04 -0.13 -0.13
24/part/273 -1 0.17 0.17 -0.22 0.04
24/part/274 -1 -0.23 -0.35 -0.19 0.00
24/part/275 -1 0.04 0.17 -0.22 -0.13
24/part/276 -1 0.04 -0.17 -0.17 -0.17
24/part/277 -1 0.09 0.12 -0.28 -0.03
24/part/278 -1 -0.05 0.19 -0.43 0.00
24/part/279 -1 -0.10 0.29 -0.16 0.42
24/part/280 -1 0.15 0.00 -0.17 -0.15
24/part/281 -1 0.13 -0.13 -0.17 -0.09
24/part/282 -1 0.21 0.03 -0.20 -0.21
24/part/283 -1 -0.10 0.17 0.14 0.59
24/part/284 -1 0.02 -0.16 -0.29 -0.20
24/part/285 -1 -0.21 0.09 -0.09 0.39
24/part/286 -1 -0.28 0.06 -0.16 0.45
24/part/287 -1 0.13 0.22 -0.26 -0.09
24/part/288 -1 -0.21 -0.36 -0.15 0.06
24/part/289 -1 0.02 -0.06 -0.42 -0.18
24/part/290 -1 0.09 -0.14 -0.18 -0.09
24/part/291 -1 0.12 0.27 0.00 0.39
24/part/292 -1 0.17 0.22 -0.17 0.00
24/part/293 -1 -0.03 0.24 -0.34 0.21
24/part/294 -1 0.24 -0.15 0.12 -0.18
24/part/295 -1 -0.09 -0.48 0.22 -0.04
24/part/296 -1 -0.21 0.12 -0.21 0.50
24/part/297 -1 0.19 0.21 0.00 0.03
24/part/298 -1 0.41 0.18 0.00 -0.05
24/part/299 -1 -0.04 0.08 -0.33 -0.04
24/part/300 -1 0.20 0.00 -0.13 -0.17
24/part/301 -1 0.25 0.12 -0.16 -0.06
24/part/302 -1 0.05 0.05 -0.09 0.33
24/part/303 -1 0.16 -0.03 -0.16 -0.09
24/part/304 -1 0.18 -0.09 -0.18 -0.19
24/part/305 -1 0.19 -0.03 -0.12 -0.06
24/part/306 -1 -0.27 -0.14 -0.27 0.27
24/part/307 -1 -0.22 -0.04 -0.30 0.22
24/part/308 -1 -0.09 -0.05 -0.23 0.29
24/part/309 -1 -0.05 0.09 -0.14 0.27
24/part/310 -1 0.09 -0.43 0.04 -0.09
24/part/311 -1 -0.07 0.31 -0.17 0.41
24/part/312 -1 0.18 0.09 -0.07 -0.05
24/part/313 -1 0.31 0.07 -0.02 -0.14
24/part/314 -1 -0.12 0.23 -0.22 0.23
24/part/315 -1 0.09 0.28 -0.19 0.12
24/part/316 -1 0.40 0.26 -0.02 -0.03
24/part/317 -1 -0.33 -0.21 -0.17 0.04
24/part/318 -1 0.29 -0.02 -0.02 -0.24
24/part/319 -1 0.18 0.29 -0.20 -0.02
24/part/320 -1 0.09 0.30 -0.16 0.33
24/part/321 -1 0.09 0.24 -0.29 -0.09
24/part/322 -1 0.28 -0.22 0.34 0.03
24/part/323 -1 0.00 0.22 -0.40 -0.07
24/part/324 -1 0.16 -0.12 0.06 -0.12
24/part/325 -1 -0.23 0.09 0.05 0.55
24/part/326 -1 -0.26 0.22 -0.13 0.39
24/part/327 -1 0.27 -0.18 0.32 0.27
24/part/328 -1 -0.14 -0.15 -0.29 0.05
24/part/329 -1 0.10 -0.10 -0.24 -0.05
24/part/330 -1 0.19 -0.40 0.19 -0.15
24/part/331 -1 0.09 0.05 -0.32 -0.24
24/part/332 -1 0.00 -0.62 0.35 0.00
24/part/333 -1 -0.19 -0.06 -0.19 0.19
24/part/334 -1 0.31 0.22 -0.08 -0.10
24/part/335 -1 0.20 0.13 -0.17 -0.13
24/part/336 -1 -0.04 0.17 -0.26 -0.15
24/part/337 -1 0.09 0.04 -0.29 -0.13
24/part/338 -1 0.30 0.12 0.18 0.15
24/part/339 -1 0.19 0.06 0.16 0.06
24/part/340 -1 0.25 -0.03 0.34 0.30
24/part/341 -1 0.12 0.12 0.12 0.38
24/part/342 -1 -0.09 0.17 0.04 0.52
24/part/343 -1 0.26 0.16 0.06 0.23
24/part/344 -1 0.00 0.05 -0.39 -0.14
24/part/345 -1 0.14 0.07 -0.19 -0.23
24/part/346 -1 0.00 -0.25 0.17 0.12
24/part/347 -1 0.11 0.13 -0.18 0.04
24/part/348 -1 -0.04 0.14 0.13 0.55
24/part/349 -1 0.17 0.00 0.38 0.46
24/part/350 -1 0.16 0.02 -0.07 -0.16
24/part/351 -1 -0.15 0.09 -0.26 0.21
24/part/352 -1 -0.16 0.03 -0.23 0.13
24/part/353 -1 -0.12 -0.03 -0.19 0.19
24/part/354 -1 0.27 0.09 0.18 0.24
24/part/355 -1 0.28 0.20 -0.13 -0.07
24/part/356 -1 0.04 -0.09 0.30 0.48
24/part/357 -1 -0.09 0.03 -0.16 0.19
24/part/358 -1 -0.19 0.16 -0.06 0.31
24/part/359 -1 0.39 0.09 0.07 -0.15
24/part/360 -1 0.19 0.24 0.05 0.00
24/part/361 -1 0.22 0.30 -0.07 0.22
24/part/362 -1 -0.12 0.10 -0.03 0.39
24/part/363 -1 0.24 0.12 0.24 0.18
24/part/364 -1 -0.09 -0.13 0.22 0.43
24/part/365 -1 0.18 -0.27 -0.09 -0.33
24/part/366 -1 0.27 0.23 -0.02 0.00
24/part/367 -1 0.29 0.07 -0.04 -0.09
24/part/368 -1 -0.24 -0.27 -0.27 -0.03
24/part/369 -1 0.30 -0.03 0.27 0.06
24/part/370 -1 0.04 0.06 -0.30 -0.13
24/part/371 -1 0.10 -0.35 0.23 0.06
24/part/372 -1 -0.36 -0.27 -0.14 0.23
24/part/373 -1 -0.24 0.00 -0.24 0.24
24/part/374 -1 -0.25 -0.35 0.05 0.25
24/part/375 -1 0.14 -0.05 0.43 0.18
24/part/376 -1 -0.45 -0.43 0.00 0.14
24/part/377 -1 0.23 0.00 -0.07 -0.10
24/part/378 -1 0.28 0.03 -0.03 -0.13
24/part/379 -1 -0.27 0.00 -0.14 0.09
24/part/380 -1 -0.25 -0.20 -0.20 0.10
24/part/381 -1 0.14 -0.41 0.14 -0.18
24/part/382 -1 -0.33 0.00 -0.10 0.43
24/part/383 -1 0.20 0.04 0.20 0.04
24/part/384 -1 -0.04 -0.55 0.00 -0.14
24/part/385 -1 0.29 0.12 -0.07 -0.17
24/part/386 -1 -0.25 -0.35 -0.15 -0.05
24/part/387 -1 0.25 -0.13 0.29 0.22
24/part/388 -1 0.16 0.17 -0.16 0.07
24/part/389 -1 -0.24 -0.14 0.05 0.32
24/part/390 -1 0.18 0.00 0.36 0.33
24/part/391 -1 0.04 0.36 -0.04 0.46
24/part/392 -1 0.07 0.00 -0.17 -0.19
24/part/393 -1 0.13 -0.04 -0.30 -0.04
24/part/394 -1 -0.12 -0.04 -0.27 -0.10
24/part/395 -1 0.12 0.15 -0.19 -0.09
24/part/396 -1 0.09 0.17 -0.30 -0.09
24/part/397 -1 -0.27 -0.27 0.14 0.27
24/part/398 -1 -0.17 -0.25 -0.08 0.21
24/part/399 -1 0.05 0.15 -0.24 -0.02
24/part/400 -1 -0.22 -0.09 -0.30 -0.13
24/part/401 -1 0.18 0.14 -0.14 -0.05
24/part/402 -1 0.18 0.23 -0.23 -0.02
24/part/403 -1 0.12 0.12 -0.19 -0.16
24/part/404 -1 0.45 0.06 0.19 -0.06
24/part/405 -1 -0.36 -0.43 0.00 0.05
24/part/406 -1 0.00 -0.36 0.25 0.18
24/part/407 -1 0.38 0.22 -0.06 0.11
24/part/408 -1 0.14 -0.34 0.21 -0.03
24/part/409 -1 0.28 0.15 0.15 0.02
24/part/410 -1 0.13 0.03 -0.13 -0.10
24/part/411 -1 0.12 0.09 -0.12 0.09
24/part/412 -1 0.17 -0.04 -0.04 -0.17
24/part/413 -1 0.16 0.06 -0.19 -0.13
24/part/414 -1 0.17 -0.26 -0.04 -0.17
24/part/415 -1 0.39 0.07 0.18 -0.07
24/part/416 -1 0.33 0.00 0.13 -0.10
24/part/417 -1 -0.30 -0.04 -0.35 0.09
24/part/418 -1 0.10 -0.27 -0.03 -0.17
24/part/419 -1 -0.26 -0.04 -0.35 0.04
24/part/420 -1 0.27 0.06 -0.14 -0.12
24/part/421 -1 -0.33 -0.15 -0.12 0.45
24/part/422 -1 0.15 -0.06 0.15 0.13
24/part/423 -1 0.00 -0.19 -0.14 0.37
24/part/424 -1 0.28 0.03 -0.06 -0.17
24/part/425 -1 -0.21 -0.24 0.05 0.29
24/part/426 -1 -0.43 -0.17 -0.33 -0.02
