24/positive/0 1 0.16 -0.03 -0.09 -0.03
24/positive/1 1 0.00 0.14 0.00 0.14
24/positive/2 1 0.05 -0.10 -0.14 -0.10
24/positive/3 1 0.10 0.14 0.00 -0.14
24/positive/4 1 -0.07 -0.02 0.23 -0.02
24/positive/5 1 -0.17 -0.11 -0.04 0.15
24/positive/6 1 0.05 -0.05 -0.10 -0.10
24/positive/7 1 0.04 0.09 -0.22 0.00
24/positive/8 1 0.00 0.04 -0.14 -0.17
24/positive/9 1 0.05 0.05 -0.18 0.05
24/positive/10 1 0.09 0.05 -0.18 0.05
24/positive/11 1 0.00 0.05 -0.27 0.05
24/positive/12 1 0.10 -0.14 0.00 -0.10
24/positive/13 1 -0.14 0.00 -0.18 0.09
24/positive/14 1 0.09 -0.09 -0.09 0.00
24/positive/15 1 0.04 0.00 -0.21 0.04
24/positive/16 1 0.09 0.00 -0.13 -0.08
24/positive/17 1 0.00 -0.05 -0.18 0.05
24/positive/18 1 0.18 0.05 -0.05 0.09
24/positive/19 1 0.07 0.04 0.00 0.00
24/positive/20 1 0.11 -0.03 0.18 -0.03
24/positive/21 1 0.09 -0.19 -0.05 0.10
24/positive/22 1 0.09 0.00 -0.04 0.04
24/positive/23 1 0.14 -0.05 0.12 0.02
24/positive/24 1 0.09 -0.12 -0.13 -0.04
24/positive/25 1 -0.04 0.00 0.04 0.12
24/positive/26 1 0.23 -0.14 0.05 0.00
24/positive/27 1 0.00 0.14 -0.13 0.09
24/positive/28 1 0.05 -0.10 -0.14 -0.10
24/positive/29 1 -0.17 -0.09 -0.17 0.00
24/positive/30 1 0.04 0.00 -0.09 -0.13
24/positive/31 1 0.09 -0.04 -0.13 -0.09
24/positive/32 1 0.04 -0.17 0.04 0.09
24/positive/33 1 -0.04 0.09 -0.13 0.00
24/positive/34 1 0.05 0.05 -0.20 -0.05
24/positive/35 1 0.13 0.00 -0.09 0.12
24/positive/36 1 0.13 0.14 -0.09 0.00
24/positive/37 1 0.09 0.09 0.00 0.13
24/positive/38 1 0.14 0.00 0.05 0.14
24/positive/39 1 0.06 0.03 -0.09 0.15
24/positive/40 1 0.03 -0.03 -0.13 -0.03
24/positive/41 1 -0.03 0.00 -0.03 0.03
24/positive/42 1 0.03 -0.03 -0.16 0.10
24/positive/43 1 -0.08 0.00 -0.21 0.00
24/positive/44 1 -0.03 -0.44 0.00 -0.03
24/positive/45 1 0.13 -0.02 -0.11 0.09
24/positive/46 1 0.09 -0.06 -0.09 -0.03
24/positive/47 1 0.00 0.00 -0.03 0.03
24/positive/48 1 0.12 0.08 0.08 0.16
24/positive/49 1 0.07 0.05 -0.15 -0.07
24/positive/50 1 0.05 -0.22 0.18 0.00
24/positive/51 1 -0.02 0.10 -0.23 0.00
24/positive/52 1 0.09 -0.09 -0.09 -0.04
24/positive/53 1 0.15 0.02 -0.02 0.00
24/positive/54 1 0.13 0.00 0.00 0.00
24/positive/55 1 -0.14 0.00 -0.02 0.32
24/positive/56 1 0.00 -0.04 -0.26 -0.09
24/positive/57 1 -0.06 0.03 0.00 0.22
24/positive/58 1 0.19 0.10 -0.02 0.11
24/positive/59 1 0.00 -0.36 -0.13 0.00
24/positive/60 1 0.09 0.04 -0.13 -0.04
24/positive/61 1 0.07 -0.15 0.02 0.20
24/positive/62 1 0.02 -0.07 0.00 0.23
24/positive/63 1 0.03 -0.28 0.10 -0.03
24/positive/64 1 0.06 -0.15 -0.12 -0.09
24/positive/65 1 0.06 0.09 -0.16 0.03
24/positive/66 1 0.13 -0.02 -0.07 -0.04
24/positive/67 1 0.09 0.03 -0.16 0.00
24/positive/68 1 0.12 0.07 -0.12 0.00
24/positive/69 1 0.06 0.03 -0.15 -0.09
24/positive/70 1 -0.13 -0.04 -0.04 0.00
24/positive/71 1 -0.09 -0.19 0.00 0.03
24/positive/72 1 0.03 0.00 0.03 0.16
24/positive/73 1 0.13 -0.09 0.00 0.00
24/positive/74 1 0.09 0.13 0.00 0.00
24/positive/75 1 -0.09 0.02 -0.02 0.30
24/positive/76 1 -0.08 -0.06 -0.15 0.08
24/positive/77 1 0.07 0.07 -0.10 0.10
24/positive/78 1 0.00 -0.14 0.00 0.27
24/positive/79 1 0.12 -0.21 0.00 0.00
24/positive/80 1 0.11 -0.15 0.11 0.11
24/positive/81 1 -0.09 -0.06 -0.03 0.28
24/positive/82 1 0.03 -0.03 0.05 0.15
24/positive/83 1 0.21 0.04 -0.08 0.00
24/positive/84 1 0.08 0.00 -0.21 0.00
24/positive/85 1 0.17 0.12 0.00 0.00
24/positive/86 1 0.08 0.08 -0.08 0.08
24/positive/87 1 0.16 -0.15 -0.03 -0.07
24/positive/88 1 0.08 0.00 -0.11 -0.11
24/positive/89 1 -0.17 -0.20 -0.07 0.02
24/positive/90 1 0.23 0.03 -0.03 0.03
24/positive/91 1 0.05 0.14 -0.07 0.02
24/positive/92 1 0.10 -0.07 -0.10 -0.05
24/positive/93 1 -0.09 -0.02 -0.18 -0.07
24/positive/94 1 0.17 0.00 -0.04 -0.13
24/positive/95 1 0.23 0.03 -0.10 0.00
24/positive/96 1 -0.14 -0.23 -0.09 0.00
24/positive/97 1 -0.03 -0.13 -0.17 0.13
24/positive/98 1 0.09 0.00 0.00 0.36
24/positive/99 1 0.00 -0.04 -0.17 0.00
24/positive/100 1 0.04 -0.21 -0.04 0.12
24/positive/101 1 0.19 0.06 -0.06 0.00
24/positive/102 1 0.09 -0.09 -0.14 -0.05
24/positive/103 1 0.14 -0.05 -0.05 0.00
24/positive/104 1 0.09 -0.09 0.00 0.09
24/positive/105 1 0.15 -0.15 0.05 0.00
24/positive/106 1 0.09 0.09 -0.14 -0.05
24/positive/107 1 0.23 0.03 0.00 0.00
24/positive/108 1 0.14 -0.05 0.00 0.00
24/positive/109 1 0.09 -0.23 -0.04 0.00
24/positive/110 1 0.24 0.00 0.00 0.03
24/positive/111 1 0.17 0.09 -0.04 0.04
24/positive/112 1 0.00 -0.02 -0.05 -0.07
24/positive/113 1 0.04 -0.21 -0.12 0.12
24/positive/114 1 0.14 0.04 -0.09 0.00
24/positive/115 1 0.09 0.09 -0.13 0.04
24/positive/116 1 0.00 0.00 -0.14 -0.13
24/positive/117 1 0.13 0.04 -0.13 0.00
24/positive/118 1 0.18 -0.04 0.00 -0.09
24/positive/119 1 0.14 -0.14 -0.05 -0.05
24/positive/120 1 0.18 0.05 0.00 0.05
24/positive/121 1 0.21 0.17 0.00 0.00
24/positive/122 1 -0.09 -0.04 -0.17 0.04
24/positive/123 1 0.26 0.04 -0.04 0.00
24/positive/124 1 0.00 -0.20 -0.20 0.00
24/positive/125 1 0.14 -0.14 0.05 0.00
24/positive/126 1 0.15 0.00 -0.09 0.21
24/positive/127 1 0.06 0.00 -0.09 0.24
24/positive/128 1 0.15 0.03 0.06 0.16
24/positive/129 1 -0.03 -0.23 -0.03 0.17
24/positive/130 1 0.09 0.06 -0.15 0.12
24/positive/131 1 0.00 -0.08 -0.30 0.00
24/positive/132 1 0.00 -0.04 0.00 0.43
24/positive/133 1 0.07 -0.10 0.00 0.17
24/positive/134 1 0.27 0.00 -0.05 -0.05
24/positive/135 1 0.03 -0.31 -0.06 -0.03
24/positive/136 1 0.06 -0.32 -0.03 0.03
24/positive/137 1 0.06 -0.19 -0.09 0.03
24/positive/138 1 0.00 0.00 0.07 0.27
24/positive/139 1 -0.19 -0.10 -0.10 0.05
24/positive/140 1 -0.09 0.00 -0.13 0.09
24/positive/141 1 0.10 0.00 -0.10 0.00
24/positive/142 1 0.14 0.03 -0.07 0.00
24/positive/143 1 0.27 0.00 0.00 -0.05
24/positive/144 1 0.04 -0.09 -0.13 0.09
24/positive/145 1 -0.09 0.04 -0.22 0.04
24/positive/146 1 0.16 0.06 -0.09 0.00
24/positive/147 1 0.18 -0.04 0.14 0.00
24/positive/148 1 0.04 0.12 -0.08 0.12
24/positive/149 1 0.22 -0.08 0.00 -0.04
24/positive/150 1 0.09 -0.04 -0.09 -0.09
24/positive/151 1 0.10 -0.10 -0.07 -0.07
24/positive/152 1 -0.09 -0.09 -0.17 0.09
24/positive/153 1 0.17 -0.09 0.04 -0.09
24/positive/154 1 0.09 -0.18 0.05 -0.05
24/positive/155 1 0.00 -0.30 0.04 0.00
24/positive/156 1 0.06 -0.03 -0.10 0.03
24/positive/157 1 0.12 -0.21 -0.04 0.00
24/positive/158 1 0.14 0.09 0.00 0.18
24/positive/159 1 0.00 0.18 -0.05 0.05
24/positive/160 1 0.09 0.09 -0.05 0.09
24/positive/161 1 0.00 -0.06 -0.13 0.26
24/positive/162 1 0.09 0.00 -0.19 0.00
24/positive/163 1 0.17 0.03 0.00 0.00
24/positive/164 1 0.17 -0.03 0.03 0.03
24/positive/165 1 -0.05 -0.05 -0.09 0.32
24/positive/166 1 0.23 0.03 -0.10 0.00
24/positive/167 1 0.16 -0.06 0.06 0.09
24/positive/168 1 0.00 -0.05 -0.10 -0.05
24/positive/169 1 0.14 0.00 0.00 0.00
24/positive/170 1 0.24 -0.05 0.00 -0.10
24/positive/171 1 0.17 0.09 -0.04 -0.04
24/positive/172 1 0.27 0.05 0.00 0.00
24/positive/173 1 0.10 0.05 -0.14 -0.10
24/positive/174 1 0.18 0.10 -0.05 0.10
24/positive/175 1 0.09 -0.05 -0.00 0.14
24/positive/176 1 0.16 -0.16 -0.01 -0.02
24/positive/177 1 -0.03 -0.26 -0.03 -0.03
24/positive/178 1 0.09 -0.27 0.05 0.05
24/positive/179 1 -0.05 -0.36 0.00 0.05
24/positive/180 1 0.09 -0.35 0.00 -0.02
24/positive/181 1 0.15 -0.03 -0.10 -0.02
24/positive/182 1 0.04 0.17 -0.04 0.09
24/positive/183 1 0.08 0.00 -0.04 -0.22
24/positive/184 1 -0.06 0.10 -0.06 0.17
24/positive/185 1 0.00 -0.19 -0.14 0.10
24/positive/186 1 0.12 0.09 -0.06 -0.06
24/positive/187 1 -0.06 0.00 -0.13 0.19
24/positive/188 1 0.21 0.10 -0.01 -0.02
24/positive/189 1 -0.13 -0.10 -0.02 0.10
24/positive/190 1 0.08 0.07 -0.12 -0.07
24/positive/191 1 -0.03 -0.19 0.03 -0.06
24/positive/192 1 -0.08 -0.12 -0.14 -0.06
24/positive/193 1 -0.05 -0.09 -0.09 0.09
24/positive/194 1 0.12 -0.06 -0.03 -0.09
24/positive/195 1 -0.02 0.09 -0.16 -0.09
24/positive/196 1 0.09 0.14 0.00 0.02
24/positive/197 1 -0.02 0.13 0.15 0.11
24/positive/198 1 -0.22 0.00 0.00 0.16
24/positive/199 1 0.09 0.00 0.00 0.30
24/positive/200 1 0.09 -0.09 -0.09 -0.09
24/positive/201 1 0.16 0.16 0.00 0.09
24/positive/202 1 0.09 -0.30 0.00 0.00
24/positive/203 1 0.00 0.09 0.04 0.22
24/positive/204 1 0.03 -0.09 0.13 -0.16
24/positive/205 1 -0.07 -0.07 -0.15 0.16
24/positive/206 1 0.09 -0.09 -0.11 -0.06
24/positive/207 1 0.18 0.10 0.02 0.03
24/positive/208 1 -0.04 -0.13 0.04 0.17
24/positive/209 1 -0.06 0.09 -0.15 0.12
24/positive/210 1 0.16 -0.09 0.09 0.02
24/positive/211 1 0.18 0.09 0.00 -0.04
24/positive/212 1 0.05 -0.18 0.10 0.00
24/positive/213 1 0.09 -0.09 -0.09 -0.13
24/positive/214 1 -0.24 -0.05 -0.14 0.00
24/positive/215 1 0.00 0.08 -0.17 0.00
24/positive/216 1 0.17 0.04 -0.09 0.00
24/positive/217 1 -0.17 0.04 -0.17 0.04
24/positive/218 1 0.04 0.13 -0.11 0.11
24/positive/219 1 0.09 0.11 -0.09 0.00
24/positive/220 1 -0.13 0.06 -0.16 0.00
24/positive/221 1 0.09 0.13 -0.14 0.00
24/positive/222 1 -0.04 -0.13 -0.13 0.09
24/positive/223 1 -0.12 -0.04 -0.12 0.04
24/positive/224 1 -0.05 0.14 -0.14 0.05
24/positive/225 1 0.04 -0.04 -0.04 -0.04
24/positive/226 1 0.18 0.00 0.00 -0.17
24/positive/227 1 0.17 0.00 0.04 0.00
24/positive/228 1 0.00 0.00 -0.17 -0.05
24/positive/229 1 0.00 -0.23 -0.05 -0.09
24/positive/230 1 -0.09 -0.04 -0.14 0.04
24/positive/231 1 0.09 -0.17 -0.04 -0.09
24/positive/232 1 0.00 -0.19 -0.05 -0.10
24/positive/233 1 0.00 -0.14 -0.17 0.05
24/positive/234 1 0.10 0.00 -0.10 -0.05
24/positive/235 1 0.13 0.04 0.00 -0.09
24/positive/236 1 0.00 -0.22 0.22 0.04
24/positive/237 1 0.09 -0.09 0.04 0.00
24/positive/238 1 -0.13 0.00 -0.26 0.00
24/positive/239 1 0.13 0.04 -0.04 0.00
24/positive/240 1 -0.05 -0.14 -0.09 0.00
24/positive/241 1 0.18 0.04 -0.05 -0.04
24/positive/242 1 0.14 -0.04 -0.07 -0.11
24/positive/243 1 0.17 0.00 0.13 0.09
24/positive/244 1 -0.09 0.14 -0.05 0.14
24/positive/245 1 0.00 -0.19 -0.10 -0.10
24/positive/246 1 -0.05 -0.24 0.00 -0.14
24/positive/247 1 0.12 -0.09 0.06 0.06
24/positive/248 1 0.09 -0.11 -0.07 0.17
24/positive/249 1 0.06 0.06 -0.16 0.00
24/positive/250 1 0.00 0.04 -0.17 -0.09
24/positive/251 1 0.09 -0.13 0.09 -0.04
24/positive/252 1 -0.06 0.06 -0.15 0.16
24/positive/253 1 0.00 0.04 0.14 0.22
24/positive/254 1 0.03 0.03 -0.13 -0.07
24/positive/255 1 0.17 0.07 -0.03 -0.07
24/positive/256 1 -0.14 0.00 -0.14 -0.02
24/positive/257 1 0.04 0.05 -0.17 -0.05
24/positive/258 1 -0.05 0.05 -0.19 0.10
24/positive/259 1 0.00 -0.23 -0.14 -0.05
24/positive/260 1 0.09 0.00 -0.14 0.00
24/positive/261 1 0.07 -0.16 -0.03 -0.10
24/positive/262 1 0.00 0.05 -0.22 0.05
24/positive/263 1 0.00 0.00 -0.14 0.00
24/positive/264 1 0.22 0.00 -0.03 -0.13
24/positive/265 1 0.11 -0.16 -0.02 -0.11
24/positive/266 1 0.02 0.07 0.00 0.16
24/positive/267 1 0.04 -0.04 -0.23 -0.04
24/positive/268 1 0.09 -0.09 0.00 0.04
24/positive/269 1 0.09 -0.04 -0.04 0.00
24/positive/270 1 0.06 -0.06 -0.19 0.03
24/positive/271 1 0.22 -0.06 -0.03 0.00
24/positive/272 1 0.04 0.00 -0.13 0.00
24/positive/273 1 0.04 0.04 -0.17 -0.04
24/positive/274 1 0.14 -0.05 0.00 -0.14
24/positive/275 1 -0.22 0.00 -0.13 0.04
24/positive/276 1 0.18 0.05 0.00 -0.05
24/positive/277 1 0.14 0.00 -0.09 -0.05
24/positive/278 1 0.03 0.12 -0.19 0.00
24/positive/279 1 0.05 -0.36 0.05 0.00
24/positive/280 1 0.00 -0.06 -0.06 0.12
24/positive/281 1 -0.02 -0.02 -0.24 -0.02
24/positive/282 1 0.17 0.02 -0.04 -0.06
24/positive/283 1 -0.03 -0.09 -0.06 0.25
24/positive/284 1 -0.02 -0.04 -0.14 -0.04
24/positive/285 1 0.10 0.00 0.03 0.13
24/positive/286 1 0.10 0.00 -0.19 0.05
24/positive/287 1 0.21 -0.05 0.07 -0.07
24/positive/288 1 0.15 0.02 -0.15 0.00
24/positive/289 1 0.00 0.13 -0.22 0.00
24/positive/290 1 0.14 0.09 -0.09 0.05
24/positive/291 1 -0.05 -0.18 0.00 -0.05
24/positive/292 1 0.07 0.07 -0.14 -0.02
24/positive/293 1 0.03 -0.19 0.00 -0.06
24/positive/294 1 -0.04 -0.18 -0.09 0.05
24/positive/295 1 0.03 -0.06 -0.06 0.03
24/positive/296 1 0.30 0.00 0.02 0.07
24/positive/297 1 0.18 -0.14 -0.09 0.00
24/positive/298 1 0.21 -0.04 -0.07 0.00
24/positive/299 1 0.09 -0.23 -0.05 0.00
24/positive/300 1 0.09 0.00 -0.09 0.05
24/positive/301 1 0.05 -0.18 -0.09 0.09
24/positive/302 1 0.13 -0.13 0.00 0.00
24/positive/303 1 0.00 -0.18 -0.05 -0.05
24/positive/304 1 0.14 -0.17 0.09 0.00
24/positive/305 1 0.09 0.00 0.00 0.14
24/positive/306 1 0.13 -0.23 -0.04 0.00
24/positive/307 1 0.05 -0.05 -0.14 0.23
24/positive/308 1 0.22 0.00 0.04 0.13
24/positive/309 1 0.14 -0.10 -0.05 -0.10
24/positive/310 1 0.00 0.00 -0.07 0.14
24/positive/311 1 0.16 0.02 -0.07 -0.02
24/positive/312 1 0.00 -0.29 0.07 0.05
24/positive/313 1 0.20 -0.03 0.05 -0.03
24/positive/314 1 0.07 -0.21 0.14 -0.03
24/positive/315 1 0.07 -0.03 0.00 0.03
24/positive/316 1 0.10 -0.14 -0.02 -0.14
24/positive/317 1 0.02 -0.02 0.00 0.17
24/positive/318 1 0.17 -0.02 -0.02 -0.02
24/positive/319 1 0.12 -0.02 -0.12 -0.05
24/positive/320 1 0.13 0.10 -0.03 -0.03
24/positive/321 1 -0.12 -0.19 -0.06 0.10
24/positive/322 1 -0.03 -0.13 0.00 0.10
24/positive/323 1 0.20 0.03 -0.05 -0.03
24/positive/324 1 -0.07 0.03 -0.03 0.17
24/positive/325 1 0.00 0.17 -0.13 0.07
24/positive/326 1 0.09 0.16 0.03 0.12
24/positive/327 1 0.08 -0.10 -0.16 0.06
24/positive/328 1 0.14 -0.05 0.09 0.09
24/positive/329 1 0.05 -0.10 -0.05 -0.05
24/positive/330 1 0.08 -0.04 -0.08 -0.04
24/positive/331 1 0.03 0.06 -0.10 0.10
24/positive/332 1 -0.12 0.00 -0.04 0.28
24/positive/333 1 -0.06 -0.06 -0.16 0.00
24/positive/334 1 0.00 0.03 -0.09 0.00
24/positive/335 1 0.06 -0.06 -0.16 -0.12
24/positive/336 1 0.09 0.06 -0.09 0.00
24/positive/337 1 -0.04 0.00 -0.28 -0.04
24/positive/338 1 0.09 0.04 -0.18 -0.04
24/positive/339 1 0.21 -0.03 0.03 0.00
24/positive/340 1 0.00 0.12 -0.06 0.22
24/positive/341 1 -0.06 -0.03 -0.09 0.19
24/positive/342 1 0.10 -0.13 0.00 -0.10
24/positive/343 1 0.03 -0.09 0.12 0.06
24/positive/344 1 -0.09 0.03 -0.18 0.12
24/positive/345 1 0.00 0.06 -0.09 0.22
24/positive/346 1 0.04 -0.02 -0.18 0.00
24/positive/347 1 0.12 0.00 -0.03 0.12
24/positive/348 1 0.09 0.09 -0.15 -0.04
24/positive/349 1 0.00 0.00 -0.06 0.09
24/positive/350 1 0.03 0.00 -0.12 0.12
24/positive/351 1 0.15 -0.03 0.12 -0.06
24/positive/352 1 -0.06 0.00 -0.19 0.03
24/positive/353 1 0.03 0.13 -0.06 0.19
24/positive/354 1 0.06 -0.03 0.03 0.06
24/positive/355 1 0.00 0.03 0.12 0.00
24/positive/356 1 0.00 0.03 -0.06 0.18
24/positive/357 1 -0.09 0.06 -0.12 0.12
24/positive/358 1 0.05 0.10 -0.12 0.10
24/positive/359 1 -0.13 0.00 0.04 0.26
24/positive/360 1 0.15 0.12 -0.03 0.00
24/positive/361 1 -0.03 0.09 -0.10 0.16
24/positive/362 1 0.09 0.03 0.09 0.26
24/positive/363 1 0.00 0.00 -0.24 0.03
24/positive/364 1 -0.12 -0.06 -0.19 0.03
24/positive/365 1 0.00 0.13 -0.06 0.26
24/positive/366 1 0.03 -0.12 -0.03 0.12
24/positive/367 1 -0.03 -0.09 -0.19 0.06
24/positive/368 1 0.00 0.09 -0.09 0.12
24/positive/369 1 0.16 -0.09 0.09 -0.03
24/positive/370 1 -0.07 0.00 -0.24 -0.07
24/positive/371 1 0.23 0.09 0.00 -0.06
24/positive/372 1 0.11 -0.19 0.11 0.04
24/positive/373 1 -0.12 0.08 -0.08 0.12
24/positive/374 1 0.06 0.03 -0.15 -0.06
24/positive/375 1 0.05 0.00 0.05 0.23
24/positive/376 1 0.18 -0.03 0.11 -0.07
24/positive/377 1 0.19 -0.06 0.00 0.00
24/positive/378 1 0.04 -0.05 -0.04 0.09
24/positive/379 1 0.12 0.03 -0.06 -0.03
24/positive/380 1 0.00 -0.05 0.18 0.23
24/positive/381 1 0.09 0.00 0.18 0.17
24/positive/382 1 -0.14 0.00 -0.14 0.09
24/positive/383 1 -0.13 -0.09 -0.09 0.09
24/positive/384 1 0.09 0.00 0.00 0.13
24/positive/385 1 0.20 0.00 0.08 0.16
24/positive/386 1 0.05 -0.19 0.00 0.05
24/positive/387 1 0.18 -0.10 0.09 0.05
24/positive/388 1 0.10 0.16 -0.06 0.03
24/positive/389 1 0.16 0.09 -0.03 0.03
24/positive/390 1 0.14 -0.09 0.14 0.09
24/positive/391 1 -0.04 -0.13 -0.17 0.00
24/positive/392 1 0.00 0.03 -0.06 0.00
24/positive/393 1 0.00 0.04 -0.09 0.13
24/positive/394 1 0.09 -0.09 0.00 -0.13
24/positive/395 1 0.22 -0.06 0.03 0.06
24/positive/396 1 0.09 0.00 -0.09 0.04
24/positive/397 1 -0.17 0.00 -0.21 0.04
24/positive/398 1 -0.06 -0.03 -0.06 0.10
24/positive/399 1 -0.14 0.00 -0.18 0.05
24/positive/400 1 0.03 -0.16 -0.06 -0.09
24/positive/401 1 0.16 -0.16 -0.02 -0.07
24/positive/402 1 0.22 -0.03 0.03 0.00
24/positive/403 1 0.04 -0.04 -0.13 0.00
24/positive/404 1 0.21 0.14 0.02 0.00
24/positive/405 1 -0.13 -0.19 0.00 0.03
24/positive/406 1 0.05 -0.20 -0.11 0.09
24/positive/407 1 0.12 -0.09 0.02 0.09
24/positive/408 1 0.19 -0.07 0.02 -0.02
24/positive/409 1 -0.18 -0.11 -0.11 0.04
24/positive/410 1 0.10 0.07 -0.17 0.03
24/positive/411 1 -0.05 0.09 -0.05 0.27
24/positive/412 1 0.04 -0.09 -0.04 0.00
24/positive/413 1 0.07 -0.03 -0.03 -0.03
24/positive/414 1 0.09 -0.06 -0.16 -0.03
24/positive/415 1 0.05 0.14 -0.14 0.00
24/positive/416 1 0.00 -0.05 0.09 0.14
24/positive/417 1 -0.04 -0.08 0.13 0.17
24/positive/418 1 0.21 0.00 0.12 0.00
24/positive/419 1 0.14 -0.05 -0.05 -0.09
24/positive/420 1 0.16 0.08 -0.05 0.06
24/positive/421 1 -0.02 -0.26 0.04 0.07
24/positive/422 1 0.13 0.05 -0.09 0.00
24/positive/423 1 0.04 -0.21 -0.04 -0.08
24/positive/424 1 0.04 -0.13 0.02 0.13
24/positive/425 1 0.04 0.09 -0.04 0.26
